0.2478025
0.2478025
0.2478025
0.2478025
0.2478025
0.2478025
0.2478025
0.2467074
0.2451971
0.24368681
0.2421761
0.24066581
0.23915552
0.23764522
0.23613495
0.23462465
0.23311436
0.23160365
0.23261711
0.24028443
0.24795133
0.25561866
0.26328555
0.27095288
0.2786198
0.28628668
0.293954
0.3016209
0.310373
0.3267203
0.34306756
0.35941443
0.3757617
0.39210856
0.40845582
0.42480308
0.44114995
0.4574972
0.47105727
0.45024592
0.42943415
0.40862238
0.38781062
0.36699885
0.3461871
0.32537535
0.30456397
0.29069716
0.28972825
0.28875932
0.2877908
0.28682187
0.28585294
0.284884
0.2839155
0.28294656
0.28238952
0.28238952
0.28238952
0.28238952
0.28238952
0.28238952
0.28238952
0.28238952
0.28238952
0.28238952
0.28238952
0.28302944
0.2843418
0.2856546
0.286967
0.2882798
0.28959218
0.29090497
0.29221734
0.29353017
0.29484254
0.29615533
0.29746813
0.2987805
0.3000933
0.3014057
0.3027185
0.30403087
0.30534366
0.30665603
0.30796885
0.30713722
0.3054921
0.303847
0.30220187
0.30055675
0.29891205
0.29726693
0.2956218
0.2939767
0.29233158
0.29309392
0.3027787
0.31246302
0.32214737
0.3318317
0.34151605
0.35120037
0.36088473
0.37056905
0.3802534
0.38993773
0.3996225
0.40930682
0.43621337
0.47006938
0.5039258
0.53778183
0.57163787
0.60549384
0.6393499
0.6732059
0.70706236
0.74091834
0.7747744
0.7955136
0.8017547
0.80799586
0.8142374
0.82047856
0.8267197
0.8329612
0.83920234
0.84498996
0.8484402
0.8518904
0.8553402
0.8587904
0.8622406
0.8656904
0.8691406
0.87259084
0.87604064
0.8795333
0.88329273
0.8870522
0.8908116
0.8945715
0.8983309
0.9020904
0.9058498
0.90960926
0.9133687
0.91712815
0.9208876
0.92464703
0.9284065
0.9321659
0.93592536
0.9395809
0.9405663
0.94155174
0.9425372
0.9435226
0.9445076
0.94549304
0.9464784
0.94746387
0.94848806
0.9496198
0.950752
0.9518842
0.95301646
0.95414865
0.95528084
0.95641303
0.9572521
0.95791507
0.9585785
0.9592415
0.9599049
0.9605679
0.9612313
0.9618947
0.96255773
0.96322113
0.9638841
0.9645475
0.9652105
0.9642626
0.96218336
0.96010363
0.9580244
0.9559451
0.9538658
0.9517861
0.94970685
0.94762754
0.9455483
0.9434686
0.9413893
0.93972564
0.9413398
0.942954
0.94456863
0.9461828
0.947797
0.94941163
0.9510258
0.95264
0.9542546
0.9558688
0.95746607
0.95903826
0.9606104
0.9621825
0.96375465
0.9653268
0.9641439
0.9626546
0.9611653
0.9596761
0.9581872
0.95669794
0.9552087
0.95371944
0.95223016
0.9507409
0.94925165
0.9483359
0.94884056
0.94934565
0.94985074
0.9503554
0.9508605
0.95136553
0.9518702
0.9523753
0.95287997
0.95338506
0.95389014
0.9543948
0.95489985
0.9554045
0.9559096
0.9564147
0.9563343
0.9532395
0.9501443
0.9470495
0.9439543
0.9408595
0.9116803
0.8632223
0.8147639
0.7663055
0.7178475
0.6693891
0.62093073
0.57247275
0.52401435
0.475556
0.427098
0.3786396
0.3301812
0.28172323
0.2449023
0.23523611
0.2255699
0.21590371
0.20623751
0.1965713
0.18690512
0.17723851
0.1675723
0.15790612
0.14823991
0.1385737
0.12890752
0.11924132
0.109574705
0.11476569
0.12014469
0.12552369
0.13090268
0.13628168
0.1416611
0.14704008
0.15241909
0.14856769
0.14423102
0.13989393
0.13555683
0.13122016
0.12688307
0.12254598
0.1182093
0.12058421
0.12313105
0.12567788
0.12822473
0.13077156
0.13331841
0.13586566
0.1384125
0.14095934
0.14350618
0.14605302
0.14860027
0.15114711
0.15369394
0.15624079
0.15878762
0.16133447
0.16133447
0.16133447
0.16133447
0.16133447
0.16133447
0.16133447
0.16133447
0.16133447
0.16133447
0.16133447
0.16133447
0.16133447
0.16133447
0.16133447
0.16133447
0.16133447
0.16133447
0.16133447
0.1572291
0.15175486
0.14628062
0.14080638
0.13533214
0.12985788
0.12438365
0.1189094
0.113435164
0.107960925
0.102486685
0.097012445
0.091538616
0.086064376
0.08059013
0.07511589
0.06964165
0.06806663
0.07299002
0.07791341
0.08283681
0.0877602
0.0926836
0.097606994
0.10253039
0.107453786
0.11237718
0.11730057
0.11659593
0.1147995
0.11300265
0.1112058
0.10940896
0.10761252
0.10581568
0.10401883
0.10222239
0.10293321
0.11293792
0.12294221
0.13294692
0.1429512
0.15295592
0.1629602
0.17296492
0.18296961
0.19297391
0.20297861
0.21298291
0.22101387
0.21347438
0.20593487
0.19839579
0.19085628
0.18331678
0.17577727
0.16823778
0.16069868
0.15315919
0.15508096
0.15763357
0.16018619
0.16273838
0.165291
0.16784361
0.17039622
0.17294882
0.17550144
0.17805405
0.19535913
0.21694726
0.2385354
0.26012355
0.2817121
0.30330026
0.3248884
0.34647655
0.36806467
0.38965282
0.41124138
0.43282953
0.45441768
0.47600582
0.49759397
0.5191821
0.54077065
0.5623588
0.58394694
0.59891504
0.61353475
0.62815446
0.6427741
0.6573938
0.6720135
0.68663317
0.7012529
0.7158726
0.7304923
0.74511194
0.7551616
0.7633674
0.77157277
0.7797786
0.7879844
0.79619014
0.804396
0.8126013
0.82080716
0.82901293
0.83694494
0.8435873
0.8502296
0.8568719
0.8635138
0.8701561
0.87679845
0.88344073
0.8900831
0.89624876
0.8952675
0.89428616
0.8933053
0.892324
0.8913427
0.89036137
0.8893805
0.8883992
0.8878846
0.8887703
0.88965636
0.890542
0.89142764
0.89231324
0.8931989
0.8940846
0.8949706
0.89585626
0.89942026
0.9057999
0.9121796
0.91855925
0.924939
0.93131864
0.9376983
0.94407797
0.95045763
0.9568373
0.9568373
0.9568373
0.9568373
0.9568373
0.9568373
0.9568373
0.9568373
0.9568373
0.9568373
0.9568373
0.9568373
0.9568373
0.9568373
0.9568373
0.9568373
0.9568373
0.9568373
0.9568373
0.9568373
0.9568373
0.9568373
0.9568373
0.9568373
0.9568373
0.9568373
0.9568373
0.9568373
0.9568373
0.9568373
0.9565149
0.9556544
0.95479393
0.95393384
0.9530733
0.95221287
0.95135236
0.95049226
0.9496318
0.9487713
0.9504655
0.95746446
0.9644634
0.9714628
0.97846174
0.9854607
0.99245965
0.999459
0.99805474
0.9958447
0.99363434
0.9914244
0.98921436
0.9870044
0.98479444
0.9828776
0.9840193
0.9851605
0.98630226
0.9874435
0.9885852
0.9897265
0.99086815
0.9920094
0.9931511
0.9942924
0.9954341
0.99657536
0.997717
0.99885833
1.0
0.9952675
0.9901433
0.98501956
0.97989535
0.97477156
0.9696474
0.9538027
0.891501
0.8291993
0.7668976
0.7045959
0.64229417
0.5799925
0.5176908
0.45538908
0.3930874
0.33078566
0.26848397
0.20618226
0.14388056
0.12235178
0.116288766
0.110225745
0.10416272
0.0980997
0.09203627
0.085973255
0.07991023
0.07384721
0.06778419
0.061721172
0.05565815
0.049595132
0.0435317
0.03746868
0.031793643
0.036077134
0.040360212
0.044643287
0.04892678
0.053209856
0.05749293
0.061776422
0.0660595
0.06308963
0.059836917
0.0565842
0.053331487
0.050078772
0.046826057
0.043573342
0.040320627
0.037067916
0.0338152
0.030562486
0.027309772
0.024057057
0.020804342
0.017551629
0.014326126
0.01324876
0.012170982
0.011093616
0.0100162495
0.0089388825
0.007861104
0.006783738
0.0057063717
0.010022846
0.014408176
0.018793095
0.023178011
0.027563343
0.03194826
0.036333177
0.040718507
0.045103427
0.049488343
0.053873673
0.058258593
0.06264351
0.06702884
0.071413755
0.07509692
0.07617965
0.07726196
0.07834469
0.079427004
0.08050973
0.081592046
0.08267477
0.0840156
0.08624703
0.088478446
0.09070987
0.09294129
0.09517272
0.09740414
0.09963556
0.100557484
0.100031786
0.099506505
0.098980814
0.098455116
0.09792942
0.09740373
0.09687803
0.09635233
0.09582664
0.09530135
0.09477566
0.094249964
0.093724266
0.093198575
0.09267288
0.0919938
0.08532098
0.07864815
0.07197532
0.0653025
0.058630083
0.051957257
0.04528443
0.038668502
0.032223683
0.025779277
0.019334458
0.012889639
0.0064448193
0.0
